{
  "advancedEditorSelectedIdentifier" : "ProjectBrowser",
  "openSceneRelativePaths" : [
    "Immersive.usda"
  ],
  "recentIdentifiers" : {
    "2997FDA7-B255-4F31-A40D-FAF794EE394D" : [

    ],
    "97977069-5897-418C-A23F-761B611BBA0D" : [

    ],
    "C6A7F375-BFE9-46E0-9EA6-1A6B150F43FD" : [

    ],
    "EBBD5BFE-22D4-4F97-906B-A6CEEC95E0D9" : [

    ]
  },
  "sceneCameraHistory" : {
    "2997FDA7-B255-4F31-A40D-FAF794EE394D" : [
      {
        "date" : 756459373.440061,
        "title" : "Untitled",
        "transform" : [
          -0.5967709,
          -1.2692603e-06,
          -0.80241174,
          0,
          -0.119920425,
          0.98876935,
          0.08918585,
          0,
          0.7934,
          0.14944907,
          -0.59006894,
          0,
          1.4971633,
          0.8031961,
          -0.8059078,
          1
        ]
      },
      {
        "date" : 756457193.191197,
        "title" : "Untitled",
        "transform" : [
          -0.5967709,
          -1.2692603e-06,
          -0.80241174,
          0,
          -0.119920425,
          0.98876935,
          0.08918585,
          0,
          0.7934,
          0.14944907,
          -0.59006894,
          0,
          1.4513245,
          0.77860457,
          -0.78123325,
          1
        ]
      },
      {
        "date" : 756457166.413403,
        "title" : "Untitled",
        "transform" : [
          -0.5967709,
          -1.2692603e-06,
          -0.80241174,
          0,
          -0.119920425,
          0.98876935,
          0.08918585,
          0,
          0.7934,
          0.14944907,
          -0.59006894,
          0,
          1.4513245,
          0.77860457,
          -0.78123325,
          1
        ]
      },
      {
        "date" : 756457161.737438,
        "title" : "Untitled",
        "transform" : [
          -0.5967709,
          -1.2692603e-06,
          -0.80241174,
          0,
          -0.119920425,
          0.98876935,
          0.08918585,
          0,
          0.7934,
          0.14944907,
          -0.59006894,
          0,
          1.4513245,
          0.77860457,
          -0.7812332,
          1
        ]
      },
      {
        "date" : 756457151.19869,
        "title" : "Untitled",
        "transform" : [
          -0.59677076,
          -1.2655349e-06,
          -0.8024117,
          0,
          -0.11992043,
          0.9887694,
          0.08918584,
          0,
          0.79340005,
          0.14944907,
          -0.59006894,
          0,
          1.4513245,
          0.77860457,
          -0.78123325,
          1
        ]
      },
      {
        "date" : 756457145.685127,
        "title" : "Untitled",
        "transform" : [
          -0.59677076,
          -1.2655349e-06,
          -0.8024117,
          0,
          -0.11992043,
          0.9887694,
          0.08918584,
          0,
          0.79340005,
          0.14944907,
          -0.59006894,
          0,
          1.4513246,
          0.77860457,
          -0.78123325,
          1
        ]
      },
      {
        "date" : 756306314.457909,
        "title" : "Untitled",
        "transform" : [
          -0.59677076,
          -1.2506338e-06,
          -0.80241174,
          0,
          -0.11992045,
          0.9887694,
          0.089185864,
          0,
          0.7934001,
          0.1494491,
          -0.5900689,
          0,
          1.3233006,
          0.7385439,
          -0.66249007,
          1
        ]
      },
      {
        "date" : 756306258.474624,
        "title" : "Untitled",
        "transform" : [
          -0.59677076,
          -1.2506338e-06,
          -0.80241174,
          0,
          -0.11992045,
          0.9887694,
          0.089185864,
          0,
          0.7934001,
          0.1494491,
          -0.5900689,
          0,
          1.3705978,
          0.76494086,
          -0.6861687,
          1
        ]
      },
      {
        "date" : 756306248.353684,
        "title" : "Untitled",
        "transform" : [
          -0.59677076,
          -1.2450507e-06,
          -0.8024118,
          0,
          -0.11992046,
          0.9887695,
          0.08918587,
          0,
          0.79340017,
          0.14944911,
          -0.5900689,
          0,
          -1.882514,
          2.4222896,
          -15.122547,
          1
        ]
      },
      {
        "date" : 756306245.396208,
        "title" : "Untitled",
        "transform" : [
          0.31560215,
          -1.2454668e-06,
          -0.9488916,
          0,
          -0.07110539,
          0.9971884,
          -0.023651022,
          0,
          0.9462237,
          0.07493562,
          0.3147147,
          0,
          0.59445643,
          1.2145705,
          -0.45776173,
          1
        ]
      }
    ],
    "6506D112-1FF0-4560-A97D-074FF2113AC5" : [
      {
        "date" : 756309141.368106,
        "title" : "Untitled",
        "transform" : [
          -0.45190838,
          2.9324614e-09,
          0.89206433,
          0,
          0.5045192,
          0.8247046,
          0.25558302,
          0,
          -0.73568946,
          0.5655638,
          -0.37269092,
          0,
          -0.018288195,
          0.014060203,
          -0.009264553,
          1
        ]
      },
      {
        "date" : 756309130.943088,
        "title" : "Untitled",
        "transform" : [
          1,
          0,
          0,
          0,
          0,
          0.7071069,
          -0.7071067,
          0,
          0,
          0.7071067,
          0.7071069,
          0,
          1.1338032e-08,
          0.01757874,
          0.017577466,
          1
        ]
      },
      {
        "date" : 756309129.046797,
        "title" : "Untitled",
        "transform" : [
          1,
          0,
          0,
          0,
          0,
          0.7071069,
          -0.7071067,
          0,
          0,
          0.7071067,
          0.7071069,
          0,
          1.1338032e-08,
          0.009056028,
          0.009054755,
          1
        ]
      }
    ],
    "303485D6-1898-4487-B4C0-3F3F74D47E45" : [
      {
        "date" : 756142963.574286,
        "title" : "Untitled",
        "transform" : [
          -0.99472433,
          1.9907334e-09,
          -0.102584794,
          0,
          -0.029741533,
          0.95705056,
          0.28839195,
          0,
          0.09817882,
          0.28992152,
          -0.9520014,
          0,
          0.079445764,
          0.86770695,
          -0.4933099,
          1
        ]
      },
      {
        "date" : 756142956.693785,
        "title" : "Untitled",
        "transform" : [
          -0.9501439,
          3.971909e-09,
          -0.31181204,
          0,
          -0.010470833,
          0.999436,
          0.031906325,
          0,
          0.3116362,
          0.03358051,
          -0.949608,
          0,
          0.25592145,
          0.027576672,
          -0.77983546,
          1
        ]
      },
      {
        "date" : 756142951.424181,
        "title" : "Untitled",
        "transform" : [
          -0.9389861,
          3.7261145e-09,
          -0.34395504,
          0,
          -0.14873935,
          0.90166354,
          0.4060536,
          0,
          0.3101317,
          0.43243828,
          -0.84664947,
          0,
          0.80209374,
          1.1184154,
          -2.1896899,
          1
        ]
      }
    ],
    "97977069-5897-418C-A23F-761B611BBA0D" : [
      {
        "date" : 756141914.770767,
        "title" : "Untitled",
        "transform" : [
          -0.9466906,
          -3.3263183e-05,
          -0.32214415,
          0,
          -0.06231086,
          0.98113376,
          0.18301293,
          0,
          0.3160604,
          0.19332968,
          -0.9288323,
          0,
          0.48333663,
          0.69507134,
          -0.78768176,
          1
        ]
      },
      {
        "date" : 755711672.313088,
        "title" : "Untitled",
        "transform" : [
          -0.94669074,
          -3.3263186e-05,
          -0.32214418,
          0,
          -0.06231086,
          0.98113376,
          0.18301293,
          0,
          0.3160604,
          0.19332968,
          -0.9288323,
          0,
          0.58901227,
          0.8470402,
          -0.9598987,
          1
        ]
      },
      {
        "date" : 755711646.312893,
        "title" : "Untitled",
        "transform" : [
          -0.6266566,
          -3.3250737e-05,
          -0.7792956,
          0,
          -0.4559315,
          0.81100863,
          0.3665946,
          0,
          0.6320031,
          0.58503425,
          -0.50823903,
          0,
          0.65822923,
          1.2280902,
          -0.21058726,
          1
        ]
      },
      {
        "date" : 755711603.203336,
        "title" : "Untitled",
        "transform" : [
          -0.99900454,
          -3.324154e-05,
          0.044608243,
          0,
          0.009774735,
          0.9755336,
          0.2196328,
          0,
          -0.043524142,
          0.21985021,
          -0.9745622,
          0,
          0.20017944,
          0.87650084,
          -1.0851233,
          1
        ]
      },
      {
        "date" : 755711600.436233,
        "title" : "Untitled",
        "transform" : [
          -0.98418486,
          0.000576225,
          -0.1771433,
          0,
          -0.0884769,
          0.8647319,
          0.49437883,
          0,
          0.15346636,
          0.5022333,
          -0.8510052,
          0,
          0.19171114,
          0.83942175,
          -1.0392188,
          1
        ]
      },
      {
        "date" : 755711597.385917,
        "title" : "Untitled",
        "transform" : [
          -0.9841849,
          0.0005762306,
          -0.17714334,
          0,
          -0.088488854,
          0.86469287,
          0.49444512,
          0,
          0.15345949,
          0.5023006,
          -0.85096675,
          0,
          0.15913384,
          0.6964882,
          -0.86181104,
          1
        ]
      },
      {
        "date" : 755711586.226731,
        "title" : "Untitled",
        "transform" : [
          -0.98418486,
          0.000576235,
          -0.17714332,
          0,
          -0.09248942,
          0.8511999,
          0.5166279,
          0,
          0.15108208,
          0.52484125,
          -0.8376848,
          0,
          0.29203662,
          0.9735627,
          -0.7362329,
          1
        ]
      },
      {
        "date" : 755711582.213316,
        "title" : "Untitled",
        "transform" : [
          -0.99402726,
          0.00010024852,
          -0.1091322,
          0,
          -0.05438492,
          0.86652654,
          0.49615934,
          0,
          0.09461568,
          0.49913102,
          -0.86134547,
          0,
          0.10419959,
          0.7842862,
          -0.9742618,
          1
        ]
      },
      {
        "date" : 755711490.589307,
        "title" : "Untitled",
        "transform" : [
          -0.9943292,
          -3.0686234e-10,
          -0.106345735,
          0,
          -0.06645607,
          0.78070027,
          0.62136185,
          0,
          0.08302417,
          0.6249057,
          -0.7762732,
          0,
          0.22156571,
          1.6676762,
          -2.0716312,
          1
        ]
      }
    ],
    "C6A7F375-BFE9-46E0-9EA6-1A6B150F43FD" : [
      {
        "date" : 756565408.73888,
        "title" : "Untitled",
        "transform" : [
          0.99693424,
          6.901804e-05,
          -0.07824357,
          0,
          -0.021668898,
          0.96112996,
          -0.27524474,
          0,
          0.07518325,
          0.2760964,
          0.95818496,
          0,
          0.16810668,
          1.1857927,
          -5.3290596,
          1
        ]
      },
      {
        "date" : 756472206.706813,
        "title" : "Untitled",
        "transform" : [
          0.99693424,
          6.901804e-05,
          -0.07824357,
          0,
          -0.021668898,
          0.96112996,
          -0.27524474,
          0,
          0.07518325,
          0.2760964,
          0.95818496,
          0,
          0.7007663,
          3.1667788,
          1.132261,
          1
        ]
      },
      {
        "date" : 756472192.325399,
        "title" : "Untitled",
        "transform" : [
          0.9964199,
          7.5700113e-10,
          -0.08454294,
          0,
          -0.018749915,
          0.97509676,
          -0.22098579,
          0,
          0.082437545,
          0.22177981,
          0.97160584,
          0,
          0.7100862,
          3.1918492,
          1.2420974,
          1
        ]
      },
      {
        "date" : 755711397.371043,
        "title" : "Untitled",
        "transform" : [
          0.9862779,
          -1.2665449e-09,
          -0.1650937,
          0,
          -0.115670815,
          0.7135174,
          -0.6910231,
          0,
          0.11779717,
          0.7006374,
          0.7037265,
          0,
          0.7100862,
          3.1918492,
          1.2420974,
          1
        ]
      },
      {
        "date" : 755711395.594408,
        "title" : "Untitled",
        "transform" : [
          0.91105026,
          -3.5077163e-09,
          -0.41229543,
          0,
          -0.33229205,
          0.591975,
          -0.73426664,
          0,
          0.24406853,
          0.8059563,
          0.53931904,
          0,
          1.5989224,
          3.851697,
          0.5331458,
          1
        ]
      }
    ],
    "EBBD5BFE-22D4-4F97-906B-A6CEEC95E0D9" : [
      {
        "date" : 756478545.592149,
        "title" : "Untitled",
        "transform" : [
          -0.3983852,
          1.578934e-08,
          -0.9172182,
          0,
          -0.3853995,
          0.9074394,
          0.1673947,
          0,
          0.83232,
          0.420183,
          -0.36151043,
          0,
          1.3061752,
          1.0854672,
          -0.32738498,
          1
        ]
      },
      {
        "date" : 756468547.836751,
        "title" : "Untitled",
        "transform" : [
          -0.3983852,
          -2.0143602e-09,
          -0.9172182,
          0,
          -0.38539952,
          0.9074394,
          0.16739473,
          0,
          0.8323199,
          0.4201831,
          -0.36151043,
          0,
          2.3893518,
          1.2062252,
          -1.0377927,
          1
        ]
      },
      {
        "date" : 756468452.762614,
        "title" : "Untitled",
        "transform" : [
          -0.3983852,
          -2.0143602e-09,
          -0.9172182,
          0,
          -0.38539952,
          0.9074394,
          0.16739473,
          0,
          0.8323199,
          0.4201831,
          -0.36151043,
          0,
          2.1526291,
          1.0867195,
          -0.9349744,
          1
        ]
      }
    ]
  },
  "sceneViewportBackgroundColors" : {

  }
}